; Motor Guará DXAL-2 V3
Classe Dext Comprimento P MassaPropelente(kg) MassaMotorCompleto(kg) FENIX
Time(s)     Temp1(ºC)    Temp2(ºC)    Pressure(PSI)
0.42     0     0     49
0.51     24     24     51
0.54     24     24     53
0.56     24     24     57
0.59     24     24     53
0.62     24     24     58
0.65     24     24     59
0.68     24     24     52
0.73     24     24     55
0.76     24     24     53
0.79     24     24     53
0.81     24     24     55
0.85     24     24     53
0.87     24     24     55
0.91     24     24     52
0.93     24     24     57
0.96     24     24     58
0.99     24     24     54
1.02     24     24     54
1.05     24     24     55
1.08     24     24     56
1.10     24     24     58
1.13     24     24     53
1.16     24     24     53
1.19     24     24     57
1.22     24     24     54
1.25     24     24     54
1.28     24     24     54
1.31     24     24     54
1.34     24     24     55
1.37     24     24     53
1.39     24     24     55
1.42     24     24     55
1.45     24     24     56
1.48     24     24     53
1.51     24     24     53
1.56     24     24     54
1.59     24     24     57
1.62     24     24     60
1.65     24     24     59
1.68     24     24     55
1.71     24     24     52
1.73     24     24     57
1.76     24     24     59
1.79     24     24     56
1.82     24     24     53
1.85     24     24     56
1.88     24     24     55
1.91     24     24     50
1.93     24     24     57
1.96     24     24     53
1.99     24     24     55
2.02     24     24     58
2.05     24     24     54
2.08     24     24     53
2.11     24     24     55
2.16     24     24     55
2.19     24     24     54
2.22     24     24     54
2.25     24     24     57
2.28     24     24     55
2.31     24     24     54
2.34     25     24     57
2.37     25     24     55
2.40     25     24     55
2.42     25     24     53
2.45     25     24     58
2.48     25     24     55
2.51     25     24     58
2.54     25     24     55
2.57     24     24     53
2.60     24     24     53
2.62     24     24     52
2.65     24     24     56
2.68     24     24     53
2.71     24     24     54
2.74     24     24     53
2.77     24     24     53
2.80     24     24     53
2.83     24     24     53
2.85     24     24     55
2.88     24     24     56
2.91     24     24     55
2.96     24     24     58
2.99     24     24     55
3.02     24     25     55
3.05     24     25     53
3.08     24     25     55
3.10     24     25     59
3.13     24     25     52
3.17     24     25     56
3.20     24     25     55
3.23     24     25     54
3.26     24     24     54
3.29     24     24     54
3.31     24     24     54
3.34     24     24     56
3.37     24     24     56
3.40     24     24     55
3.43     24     24     55
3.45     24     24     56
3.48     24     25     53
3.51     24     25     55
3.54     24     25     56
3.59     24     25     55
3.62     24     25     55
3.65     24     25     55
3.68     24     25     55
3.71     25     24     53
3.74     25     24     53
3.77     25     24     59
3.80     25     24     56
3.83     25     24     52
3.85     25     24     54
3.88     25     24     55
3.91     25     24     56
3.94     25     25     60
3.97     25     25     51
4.00     25     25     58
4.02     25     25     55
4.05     25     25     56
4.08     25     25     59
4.11     25     25     55
4.14     25     25     57
4.17     25     24     58
4.20     25     24     55
4.23     25     24     56
4.26     25     24     53
4.28     25     24     53
4.34     25     24     55
4.36     25     24     56
4.39     25     24     55
4.42     24     24     57
4.45     24     24     55
4.48     24     24     55
4.51     24     24     54
4.53     24     24     55
4.57     24     24     55
4.59     24     24     55
4.62     24     24     57
4.65     24     25     56
4.68     24     25     55
4.71     24     25     53
4.73     24     25     56
4.76     24     25     54
4.79     24     25     54
4.82     24     25     59
4.85     24     25     55
4.88     24     25     58
4.91     24     25     55
4.94     24     25     56
4.96     24     25     53
5.02     24     25     55
5.05     24     25     54
5.08     24     25     55
5.11     24     25     57
5.14     24     25     57
5.17     24     25     54
5.20     24     25     57
5.22     24     25     53
5.25     24     25     59
5.28     24     25     55
5.31     24     25     55
5.34     24     24     56
5.36     24     24     55
5.40     24     24     53
5.43     24     24     56
5.45     24     24     56
5.48     24     24     54
5.51     24     24     55
5.54     24     24     60
5.57     24     24     56
5.60     24     24     55
5.63     24     24     55
5.65     24     24     58
5.71     24     24     59
5.74     24     24     56
5.76     24     24     58
5.79     25     24     55
5.82     25     24     54
5.85     25     24     55
5.88     25     24     55
5.91     25     24     57
5.94     25     24     55
5.97     25     24     55
6.00     25     24     57
6.03     25     24     55
6.05     25     24     59
6.08     25     24     53
6.11     25     24     55
6.14     25     24     56
6.17     25     24     59
6.20     25     24     54
6.23     25     24     54
6.26     24     24     55
6.28     24     24     57
6.31     24     24     54
6.34     24     24     54
6.37     24     24     59
6.40     24     24     59
6.45     24     24     58
6.48     24     24     54
6.51     24     24     55
6.54     24     24     54
6.57     24     24     58
6.60     24     24     59
6.63     24     24     55
6.65     24     24     54
6.68     24     24     55
6.71     24     25     54
6.74     24     25     55
6.77     24     25     55
6.80     24     25     56
6.82     24     25     57
6.85     24     25     55
6.88     24     25     56
6.91     24     25     56
6.94     24     24     59
6.97     24     24     55
7.00     24     24     56
7.03     24     24     55
7.05     24     24     54
7.11     24     24     57
7.14     24     24     55
7.17     24     24     57
7.20     24     24     52
7.23     24     24     53
7.26     24     24     56
7.28     24     24     57
7.31     24     24     54
7.34     24     24     55
7.37     24     24     58
7.40     24     24     56
7.43     24     24     54
7.46     24     24     55
7.49     24     24     55
7.51     24     24     56
7.54     24     24     53
7.57     24     24     56
7.60     24     24     56
7.63     25     24     55
7.66     25     24     54
7.69     25     24     56
7.72     25     24     55
7.74     25     24     55
7.77     25     24     57
7.80     25     24     57
7.83     25     24     55
7.89     25     25     56
7.92     25     25     56
7.94     25     25     53
7.97     25     25     54
8.00     25     25     55
8.03     25     25     55
8.06     25     25     57
8.08     25     25     55
8.12     25     24     55
8.14     25     24     55
8.17     25     24     55
8.20     25     24     55
8.23     25     24     56
8.26     25     24     55
8.29     25     24     55
8.32     25     24     56
8.35     24     24     55
8.38     24     24     55
8.40     24     24     556
8.46     24     24     510
8.49     24     24     511
8.52     24     24     506
8.54     24     24     502
8.57     25     24     504
8.60     25     24     505
8.63     25     24     508
8.66     25     24     507
8.69     25     24     504
8.71     25     24     507
8.74     25     24     503
8.77     25     24     506
8.81     24     24     503
8.83     24     24     503
8.86     24     24     502
8.89     24     24     501
8.92     24     24     502
8.94     24     24     506
8.97     24     24     505
9.00     24     24     498
9.03     24     25     501
9.06     24     25     502
9.09     24     25     497
9.12     24     25     496
9.15     24     25     499
9.17     24     25     497
9.20     24     25     501
9.23     24     25     499
9.26     25     24     498
9.32     25     24     502
9.35     25     24     498
9.38     25     24     497
9.40     25     24     498
9.43     25     24     497
9.46     25     24     500
9.49     24     24     501
9.52     24     24     500
9.55     24     24     500
9.57     24     24     501
9.60     24     24     499
9.63     24     24     497
9.66     24     24     497
9.69     24     24     499
9.72     24     24     498
9.75     24     24     494
9.77     24     24     498
9.80     24     24     494
9.86     24     24     493
9.89     24     24     494
9.92     24     24     496
9.95     24     25     491
9.97     24     25     495
10.00     24     25     491
10.03     24     25     490
10.06     24     25     496
10.09     24     25     494
10.12     24     25     493
10.15     24     25     495
10.18     25     24     494
10.21     25     24     491
10.23     25     24     560
10.26     25     24     553
10.29     25     24     553
10.32     25     24     552
10.35     25     24     553
10.38     25     24     552
10.41     24     25     551
10.44     24     25     551
10.47     24     25     550
10.49     24     25     554
10.52     24     25     549
10.55     24     25     555
10.58     24     25     558
10.61     24     25     553
10.64     24     25     551
10.67     24     25     548
10.69     24     25     560
10.75     24     25     557
10.78     24     25     554
10.81     24     25     557
10.83     24     25     549
10.86     24     24     552
10.89     24     24     561
10.92     24     24     555
10.95     24     24     550
10.98     24     24     549
11.01     24     24     558
11.04     24     24     553
11.07     24     24     555
11.10     25     24     562
11.13     25     24     559
11.16     25     24     553
11.21     25     24     550
11.24     25     24     547
11.27     25     24     561
11.30     25     24     558
11.33     24     24     555
11.35     24     24     551
11.38     24     24     548
11.41     24     24     558
11.44     24     24     559
11.47     24     24     550
11.50     24     24     548
11.53     24     24     566
11.56     24     25     557
11.59     24     25     554
11.62     24     25     550
11.64     24     25     554
11.67     24     25     561
11.70     24     25     558
11.73     24     25     554
11.76     24     25     552
11.79     25     25     551
11.81     25     25     562
11.84     25     25     558
11.87     25     25     554
11.90     25     25     553
